 &plot nbnd=   4, nks=    81 /
           -0.496266  0.496266  0.496266
   -3.555   -0.888    4.804    4.804
           -0.471452  0.471452  0.471452
   -3.589   -0.838    4.808    4.808
           -0.446639  0.446639  0.446639
   -3.684   -0.697    4.822    4.822
           -0.421826  0.421826  0.421826
   -3.824   -0.481    4.844    4.844
           -0.397013  0.397013  0.397013
   -3.992   -0.208    4.875    4.875
           -0.372199  0.372199  0.372199
   -4.174    0.110    4.915    4.915
           -0.347386  0.347386  0.347386
   -4.360    0.461    4.963    4.963
           -0.322573  0.322573  0.322573
   -4.543    0.840    5.020    5.020
           -0.297759  0.297759  0.297759
   -4.721    1.240    5.085    5.085
           -0.272946  0.272946  0.272946
   -4.890    1.659    5.158    5.158
           -0.248133  0.248133  0.248133
   -5.047    2.094    5.238    5.238
           -0.223320  0.223320  0.223320
   -5.192    2.541    5.324    5.324
           -0.198506  0.198506  0.198506
   -5.324    2.998    5.416    5.416
           -0.173693  0.173693  0.173693
   -5.441    3.462    5.511    5.511
           -0.148880  0.148880  0.148880
   -5.544    3.928    5.607    5.607
           -0.124066  0.124066  0.124066
   -5.631    4.390    5.701    5.701
           -0.099253  0.099253  0.099253
   -5.703    4.839    5.790    5.790
           -0.074440  0.074440  0.074440
   -5.759    5.260    5.868    5.868
           -0.049627  0.049627  0.049627
   -5.799    5.624    5.930    5.930
           -0.024813  0.024813  0.024813
   -5.824    5.886    5.971    5.971
            0.000000  0.000000  0.000000
   -5.832    5.985    5.985    5.985
           -0.049627  0.000000  0.000000
   -5.821    5.907    5.939    5.939
           -0.099253  0.000000  0.000000
   -5.789    5.694    5.813    5.813
           -0.148880  0.000000  0.000000
   -5.735    5.389    5.633    5.633
           -0.198506  0.000000  0.000000
   -5.660    5.025    5.422    5.422
           -0.248133  0.000000  0.000000
   -5.564    4.628    5.196    5.196
           -0.297759  0.000000  0.000000
   -5.446    4.211    4.968    4.968
           -0.347386  0.000000  0.000000
   -5.308    3.781    4.744    4.744
           -0.397013  0.000000  0.000000
   -5.149    3.345    4.528    4.528
           -0.446639  0.000000  0.000000
   -4.970    2.904    4.324    4.324
           -0.496266  0.000000  0.000000
   -4.770    2.461    4.133    4.133
           -0.545892  0.000000  0.000000
   -4.550    2.017    3.958    3.958
           -0.595519  0.000000  0.000000
   -4.311    1.575    3.799    3.799
           -0.645146  0.000000  0.000000
   -4.053    1.135    3.658    3.658
           -0.694772  0.000000  0.000000
   -3.777    0.698    3.534    3.534
           -0.744399  0.000000  0.000000
   -3.482    0.267    3.429    3.429
           -0.794025  0.000000  0.000000
   -3.171   -0.158    3.342    3.342
           -0.843652  0.000000  0.000000
   -2.842   -0.575    3.274    3.274
           -0.893278  0.000000  0.000000
   -2.498   -0.983    3.226    3.226
           -0.942905  0.000000  0.000000
   -2.139   -1.380    3.197    3.197
           -0.992532  0.000000  0.000000
   -1.766   -1.766    3.187    3.187
           -0.992532  0.012407  0.012407
   -1.767   -1.765    3.178    3.188
           -0.992532  0.024813  0.024813
   -1.768   -1.760    3.151    3.191
           -0.992532  0.037220  0.037220
   -1.772   -1.753    3.108    3.197
           -0.992532  0.049627  0.049627
   -1.776   -1.743    3.050    3.204
           -0.992532  0.062033  0.062033
   -1.782   -1.730    2.980    3.214
           -0.992532  0.074440  0.074440
   -1.789   -1.714    2.900    3.226
           -0.992532  0.086847  0.086847
   -1.798   -1.695    2.814    3.240
           -0.992532  0.099253  0.099253
   -1.809   -1.673    2.722    3.256
           -0.992532  0.111660  0.111660
   -1.822   -1.648    2.628    3.274
           -0.992532  0.124066  0.124066
   -1.838   -1.620    2.532    3.294
           -0.992532  0.136473  0.136473
   -1.856   -1.590    2.438    3.316
           -0.992532  0.148880  0.148880
   -1.877   -1.556    2.345    3.341
           -0.992532  0.161286  0.161286
   -1.901   -1.520    2.255    3.367
           -0.992532  0.173693  0.173693
   -1.929   -1.480    2.169    3.395
           -0.992532  0.186100  0.186100
   -1.961   -1.438    2.088    3.426
           -0.992532  0.198506  0.198506
   -1.996   -1.393    2.013    3.458
           -0.992532  0.210913  0.210913
   -2.036   -1.345    1.944    3.492
           -0.992532  0.223320  0.223320
   -2.080   -1.294    1.883    3.528
           -0.992532  0.235726  0.235726
   -2.128   -1.241    1.828    3.566
           -0.992532  0.248133  0.248133
   -2.181   -1.184    1.782    3.606
           -0.980125  0.272946  0.235726
   -2.210   -1.152    1.766    3.607
           -0.967718  0.297759  0.223320
   -2.242   -1.116    1.762    3.572
           -0.955312  0.322573  0.210913
   -2.273   -1.079    1.768    3.508
           -0.942905  0.347386  0.198506
   -2.303   -1.043    1.786    3.423
           -0.930498  0.372199  0.186100
   -2.330   -1.010    1.812    3.326
           -0.918092  0.397013  0.173693
   -2.353   -0.981    1.846    3.227
           -0.905685  0.421826  0.161286
   -2.371   -0.958    1.882    3.134
           -0.893278  0.446639  0.148880
   -2.385   -0.941    1.916    3.057
           -0.880872  0.471452  0.136473
   -2.393   -0.931    1.941    3.006
           -0.868465  0.496266  0.124066
   -2.395   -0.927    1.950    2.988
           -0.856058  0.521079  0.111660
   -2.393   -0.931    1.941    3.006
           -0.843652  0.545892  0.099253
   -2.385   -0.941    1.916    3.057
           -0.831245  0.570706  0.086847
   -2.371   -0.958    1.882    3.134
           -0.818839  0.595519  0.074440
   -2.353   -0.981    1.846    3.227
           -0.806432  0.620332  0.062033
   -2.330   -1.010    1.812    3.326
           -0.794025  0.645146  0.049627
   -2.303   -1.043    1.786    3.423
           -0.781619  0.669959  0.037220
   -2.273   -1.079    1.768    3.508
           -0.769212  0.694772  0.024813
   -2.242   -1.116    1.762    3.572
           -0.756805  0.719585  0.012407
   -2.210   -1.152    1.766    3.607
           -0.744399  0.744399  0.000000
   -2.181   -1.184    1.782    3.606
